36061013700,201312	46563
36081081800,201312	7
36047005000,201312	12
36081090700,201312	13
36081047500,201312	44
36085000300,201312	1
36047024900,201312	55
36047028300,201312	15
36047000700,201312	1166
36061006300,201312	18365
36047024600,201312	1
36047014700,201312	15
36061004200,201312	13961
36061024900,201312	4
36081007700,201312	388
36081055700,201312	3
36081069300,201312	25
36047059402,201312	1
36047040100,201312	16
36005023000,201312	1
36047033700,201312	38
36081077906,201312	2
36047023300,201312	240
36061018000,201312	1607
36047039900,201312	15
36047048400,201312	16
36061006100,201312	18964
36081066400,201312	6
36061009700,201312	5975
36081049700,201312	1
36005001600,201312	4
36061009600,201312	20116
36047052000,201312	7
36047067400,201312	1
36081039800,201312	1
36061003100,201312	7554
36061022700,201312	139
36061014500,201312	31584
36081014400,201312	9
36047043100,201312	56
36005018500,201312	14
36061021800,201312	1019
36061002100,201312	17257
36081000800,201312	1
36047016600,201312	3
36047054700,201312	101
36005030701,201312	3
36061003601,201312	5585
36081046100,201312	2
36081051100,201312	13
36061000800,201312	881
36005024800,201312	2
36005015300,201312	1
36081013400,201312	3
36047013600,201312	8
36047025300,201312	46
36047031701,201312	32
36085029102,201312	1
36081074500,201312	14
36047044400,201312	3
36047049500,201312	508
36081037700,201312	7
36047004500,201312	1675
36005019900,201312	6
36081025500,201312	95
36081124700,201312	1
36081012602,201312	17
36047073400,201312	2
36081011400,201312	1
36081064500,201312	3
36047017800,201312	2
36061022000,201312	700
36081006501,201312	224
36081006300,201312	397
36081056800,201312	3
36081024700,201312	98
36081025301,201312	738
36047024500,201312	124
36081074100,201312	14
36005028700,201312	6
36005005902,201312	4
36081116100,201312	14
36047119800,201312	14
36005022701,201312	7
36047100600,201312	3
36047047800,201312	7
36047030100,201312	4
36047026700,201312	34
36047121000,201312	1
36081051200,201312	1
36005035900,201312	1
36047051001,201312	3
36081109300,201312	2
36047036100,201312	1
36081015500,201312	474
36005006400,201312	2
36005026300,201312	9
36081125700,201312	4
36047012801,201312	2
36081058200,201312	1
36081016100,201312	73
36081045400,201312	12
36081017400,201312	9
36061014000,201312	22513
36081018102,201312	669
36081005800,201312	2
36061015802,201312	2873
36047114202,201312	2
36081046800,201312	4
36061011800,201312	17101
36005008900,201312	4
36047116800,201312	2
36061005502,201312	19568
36061023900,201312	24
36047004700,201312	209
36081005900,201312	415
36061008200,201312	26747
36005003300,201312	1
36005037200,201312	2
36047011700,201312	76
36081004401,201312	3
36061021100,201312	3197
36081036700,201312	4
36081015100,201312	23
36085000600,201312	1
36047062200,201312	2
36061011100,201312	14921
36081063700,201312	11
36047022900,201312	144
36047037100,201312	2
36061003300,201312	24574
36081047200,201312	7
36061006400,201312	17088
36081122701,201312	2
36047053300,201312	22
36047040400,201312	2
36005012102,201312	2
36085004000,201312	1
36081063200,201312	5
36047062800,201312	1
36005033400,201312	5
36047019400,201312	1
36081004001,201312	1
36081092900,201312	2
36047003400,201312	3
36047049000,201312	31
36047034700,201312	7
36047001300,201312	1616
36047038600,201312	3
36047023400,201312	1
36005025200,201312	1
36047041900,201312	8
36061023100,201312	141
36047029900,201312	6
36081093401,201312	1
36005039902,201312	1
36061023300,201312	560
36047013900,201312	324
36047012700,201312	268
36061008602,201312	1301
36081011900,201312	79
36081028900,201312	143
36081003400,201312	4
36005044200,201312	1
36005002701,201312	3
36061024302,201312	17
36047043600,201312	1
36047046202,201312	3
36061021400,201312	31
36081104700,201312	3
36005017702,201312	2
36047032100,201312	27
36081004002,201312	1
36061021703,201312	131
36081035200,201312	1
36081118100,201312	2
36005022000,201312	8
36047050803,201312	23
36047007500,201312	985
36047035300,201312	14
36081072300,201312	7
36047079601,201312	74
36081014900,201312	99
36005021800,201312	1
36047083000,201312	3
36081003100,201312	579
36081084000,201312	5
36047023000,201312	1
36081060300,201312	6
36081011200,201312	1
36085029104,201312	1
36081027100,201312	19
36047068200,201312	1
36061009000,201312	20209
36081083700,201312	6
36085027702,201312	1
36047059300,201312	60
36005022500,201312	1
36061014401,201312	5103
36005020000,201312	43
36081004500,201312	407
36005012101,201312	2
36047003700,201312	805
36081040300,201312	3
36047033100,201312	6
36047031500,201312	73
36081014000,201312	5
36081046700,201312	2
36061001600,201312	5697
36061031900,201312	916
36005016000,201312	3
36061027300,201312	178
36061007000,201312	17967
36005034200,201312	1
36005020501,201312	4
36061025700,201312	1051
36047024100,201312	212
36061009900,201312	37971
36047079000,201312	12
36081030903,201312	129
36047051002,201312	15
36081156700,201312	2
36081068300,201312	168
36081008100,201312	19
36047021100,201312	37
36081071600,201312	61214
36081048300,201312	114
36047020100,201312	199
36061012600,201312	19343
36081012301,201312	26
36005041900,201312	11
36047066600,201312	5
36047079801,201312	46
36061005501,201312	7741
36005012500,201312	1
36081009500,201312	211
36085015100,201312	1
36047022800,201312	3
36005011800,201312	1
36081011000,201312	1
36081119900,201312	1
36047012901,201312	1801
36081073700,201312	53
36047055600,201312	2
36081000400,201312	1
36047050300,201312	653
36047044300,201312	24
36005021301,201312	3
36081023800,201312	21
36047030200,201312	2
36047011400,201312	4
36047029100,201312	10
36047088000,201312	25
36047009000,201312	6
36005001900,201312	135
36081084601,201312	11
36047039500,201312	30
36005017902,201312	2
36005033000,201312	2
36047097400,201312	2
36047061003,201312	3
36081002400,201312	1
36081043900,201312	3
36081051500,201312	7
36047033300,201312	2
36061013800,201312	17865
36085002002,201312	3
36005006700,201312	5
36061020701,201312	506
36081045800,201312	4
36081009700,201312	54
36047036900,201312	4
36047051500,201312	304
36085001800,201312	4
36081032800,201312	7
36081129103,201312	2
36047152200,201312	49
36081065400,201312	9
36061002700,201312	688
36005017701,201312	2
36047023100,201312	72
36047053700,201312	53
36061011401,201312	18529
36081013000,201312	1
36005015500,201312	1
36005015100,201312	3
36047014100,201312	185
36061023801,201312	241
36005009600,201312	17
36005013300,201312	2
36081136700,201312	1
36081027900,201312	32
36061024700,201312	218
36047115600,201312	3
36081005100,201312	206
36061021000,201312	159
36047043300,201312	9
36005036300,201312	1
36047022400,201312	3
36047032300,201312	24
36081091900,201312	2
36047070202,201312	2
36047059200,201312	1
36005004200,201312	13
36047045000,201312	10
36081017800,201312	7
36081092500,201312	4
36081058900,201312	4
36081068000,201312	18
36047114600,201312	1
36081011500,201312	356
36047008400,201312	90
36047057900,201312	218
36047014500,201312	107
36005041100,201312	4
36047086800,201312	2
36047075000,201312	2
36047079602,201312	38
36081016300,201312	62
36047048800,201312	9
36081138501,201312	1
36081047100,201312	14
36047032900,201312	6
36005045101,201312	1
36047078800,201312	10
36081006100,201312	818
36081021900,201312	18
36081144100,201312	2
36081056700,201312	3
36081006202,201312	10
36005018900,201312	22
36061026900,201312	31
36005015800,201312	1
36061004800,201312	15295
36047038500,201312	16
36005024000,201312	1
36047045400,201312	4
36047024400,201312	2
36005020502,201312	2
36061022301,201312	916
36047015900,201312	458
36085027704,201312	1
36005032400,201312	1
36085011201,201312	1
36047013400,201312	8
36047048600,201312	17
36061030700,201312	10
36047040700,201312	2
36005002500,201312	5
36047056400,201312	2
36081018300,201312	1031
36081058100,201312	2
36047053800,201312	12
36047011800,201312	3
36047090200,201312	2
36047004900,201312	164
36061016700,201312	13782
36081040700,201312	6
36005039500,201312	2
36047035100,201312	12
36047076600,201312	4
36047041500,201312	5
36047006800,201312	16
36061016400,201312	1927
36081056400,201312	1
36005004001,201312	4
36047059000,201312	1
36047053400,201312	3
36061017500,201312	11567
36047003000,201312	8
36081025100,201312	272
36005014500,201312	5
36047040000,201312	1
36047073200,201312	1
36061018500,201312	6507
36047056000,201312	1
36081055300,201312	5
36005022902,201312	1
36061016002,201312	3455
36085007000,201312	1
36005046000,201312	1
36005017500,201312	6
36047035900,201312	2
36047005900,201312	108
36081071303,201312	149
36047076200,201312	2
36047026100,201312	40
36047053200,201312	7
36005044901,201312	3
36005024300,201312	16
36047023600,201312	2
36047082000,201312	6
36061005200,201312	28265
36047025000,201312	1
36081047800,201312	1
36047018200,201312	2
36081065702,201312	1
36047051100,201312	202
36081030902,201312	218
36081118900,201312	1
36081004300,201312	418
36005021602,201312	7
36061025100,201312	657
36047029500,201312	20
36005007800,201312	3
36047049600,201312	15
36081134100,201312	1
36005005400,201312	2
36047113000,201312	1
36047008600,201312	2
36047055100,201312	1842
36005025100,201312	9
36081023500,201312	144
36081026500,201312	151
36081014500,201312	17
36081079300,201312	6
36047034500,201312	11
36081061602,201312	3
36047057800,201312	7
36005002800,201312	7
36081044601,201312	2
36081002000,201312	7
36081041100,201312	2
36081099100,201312	1
36047039600,201312	1
36005000400,201312	3
36061019200,201312	98
36047037401,201312	5
36081117100,201312	3
36081147100,201312	1
36047053000,201312	7
36061015400,201312	13204
36047080200,201312	17
36047044900,201312	244
36061005000,201312	24181
36081037500,201312	14
36061001402,201312	2860
36081080900,201312	7
36047041800,201312	2
36061011203,201312	16398
36005028300,201312	7
36081026902,201312	24
36061015002,201312	15514
36081004700,201312	413
36061018600,201312	569
36047080400,201312	5
36081150702,201312	1
36005043000,201312	1
36081013700,201312	177
36005026900,201312	2
36047020300,201312	171
36047016500,201312	68
36061015100,201312	11134
36047014900,201312	109
36047036700,201312	2
36047067800,201312	2
36047027700,201312	24
36047025901,201312	32
36005022901,201312	3
36005009200,201312	10
36047010600,201312	2
36081025800,201312	1
36047044100,201312	15
36061008603,201312	5574
36047020700,201312	99
36061029900,201312	11
36081021200,201312	28
36047056100,201312	602
36005039100,201312	1
36081025302,201312	135
36005006100,201312	10
36061010100,201312	77438
36081096400,201312	1
36047042900,201312	47
36047044500,201312	30
36047075800,201312	1
36081032700,201312	76
36061001002,201312	260
36081059300,201312	3
36047080600,201312	5
36047096400,201312	16
36061015700,201312	15843
36005042902,201312	1
36047017900,201312	119
36085009602,201312	1
36047021300,201312	37
36047037700,201312	7
36081077904,201312	15
36085000800,201312	1
36081066501,201312	1
36047079802,201312	80
36047037402,201312	2
36005051600,201312	1
36061020800,201312	387
36005027300,201312	1
36081002500,201312	327
36081063900,201312	11
36061004400,201312	10426
36081127700,201312	3
36047003500,201312	1323
36005023703,201312	3
36081005300,201312	559
36061017900,201312	9414
36047021900,201312	119
36047028501,201312	44
36005042500,201312	2
36061015602,201312	1461
36005006500,201312	35
36061006900,201312	7523
36081045700,201312	5
36047018000,201312	1
36005019500,201312	22
36081075702,201312	22
36061014300,201312	45541
36047033000,201312	1
36081026300,201312	187
36005011000,201312	18
36047070201,201312	2
36081015900,201312	101
36005026701,201312	2
36047030900,201312	7
36005022800,201312	1
36061027900,201312	73
36005026500,201312	4
36047013100,201312	703
36047040300,201312	11
36081140902,201312	1
36061028500,201312	10
36081001900,201312	1713
36061011900,201312	30022
36047017600,201312	2
36047088800,201312	2
36061002400,201312	97
36047004400,201312	3
36047045200,201312	5
36081022900,201312	95
36047052700,201312	431
36047039100,201312	133
36061003002,201312	8770
36061029300,201312	21
36081069701,201312	9
36061019000,201312	611
36081121500,201312	8
36047000100,201312	730
36081071100,201312	162
36047087200,201312	2
36061008900,201312	9785
36047038700,201312	16
36081061601,201312	1
36081006900,201312	337
36005020100,201312	7
36047011200,201312	5
36081013600,201312	3
36061031100,201312	26
36005044800,201312	1
36047065600,201312	1
36061009100,201312	24377
36061009400,201312	30643
36081010600,201312	3
36081046000,201312	6
36081076902,201312	28
36081077902,201312	2
36081113900,201312	2
36061007600,201312	29257
36081020600,201312	55
36081014700,201312	121
36005007500,201312	7
36047091200,201312	6
36061007500,201312	10296
36005040501,201312	1
36081084602,201312	59
36081046300,201312	2
36047005202,201312	2
36081009100,201312	124
36047042200,201312	5
36047045600,201312	5
36047005400,201312	2
36047082200,201312	11
36081152902,201312	1
36047051602,201312	14
36085016901,201312	3
36005020900,201312	6
36081048900,201312	32
36047026900,201312	35
36005038800,201312	1
36047038900,201312	194
36047120000,201312	16
36061018200,201312	1000
36005021501,201312	3
36081059200,201312	8
36047016000,201312	11
36047013800,201312	6
36081051300,201312	4
36047050000,201312	21
36047007000,201312	7
36081128300,201312	3
36047057000,201312	1
36081054000,201312	5
36061012500,201312	35139
36061002201,201312	1225
36061019800,201312	1078
36005046201,201312	7
36047041100,201312	8
36047007700,201312	594
36081023000,201312	6
36005022404,201312	2
36047037000,201312	1
36047076400,201312	2
36047018800,201312	3
36081091602,201312	1
36047033500,201312	23
36081063500,201312	1
36081014800,201312	5
36047032500,201312	47
36047077600,201312	3
36047118800,201312	4
36061010900,201312	22612
36081047300,201312	195
36005021502,201312	1
36061010000,201312	39207
36005040702,201312	3
36061023501,201312	52
36047027500,201312	21
36005008700,201312	1
36081116700,201312	1
36005019400,201312	3
36081044301,201312	1
36047034800,201312	1
36047123700,201312	146
36081007900,201312	304
36085012805,201312	1
36047083800,201312	2
36061012800,201312	25788
36061006200,201312	9300
36047012200,201312	4
36047056200,201312	1
36047094401,201312	1
36047047700,201312	349
36081056100,201312	1
36081148300,201312	1
36061003602,201312	10117
36081990100,201312	36
36047042400,201312	3
36081003900,201312	21
36005021601,201312	3
36081035700,201312	566
36081032000,201312	5
36047076000,201312	3
36047117000,201312	4
36081038302,201312	314
36081000700,201312	2657
36081075701,201312	103
36047055300,201312	4541
36047001500,201312	2376
36047003900,201312	870
36081024500,201312	104
36061005800,201312	27671
36047027300,201312	15
36005023501,201312	1
36081048500,201312	153
36005017901,201312	9
36081041300,201312	2
36047057100,201312	340
36047007600,201312	13
36081018800,201312	41
36081088901,201312	5
36085020803,201312	1
36061004700,201312	14572
36005014300,201312	3
36005038000,201312	3
36047015000,201312	1
36081157901,201312	1
36047102000,201312	1
36005026100,201312	3
36047052900,201312	173
36081077905,201312	9
36081107202,201312	1
36005029600,201312	1
36005023100,201312	6
36005034500,201312	4
36061010601,201312	8906
36061018900,201312	4581
36047090800,201312	4
36081009900,201312	46
36047078600,201312	14
36047041401,201312	2
36081025700,201312	37
36081063000,201312	1
36081129102,201312	2
36085017700,201312	3
36061013900,201312	20699
36061025300,201312	165
36047043800,201312	5
36047024700,201312	92
36061016500,201312	13605
36047055700,201312	2737
36005042600,201312	1
36005012300,201312	5
36081064101,201312	7
36081157101,201312	5
36081077500,201312	10
36047026400,201312	3
36081011800,201312	5
36081134700,201312	4
36047014200,201312	2
36081069702,201312	11
36047013700,201312	535
36047048500,201312	440
36081055200,201312	5
36047054600,201312	2
36081070300,201312	22
36081074700,201312	6
36061025900,201312	142
36061016900,201312	11297
36047038300,201312	9
36061014802,201312	17322
36061018700,201312	7158
36081066100,201312	2
36061014200,201312	20965
36005027402,201312	1
36047003600,201312	1
36047031400,201312	2
36081059100,201312	2
36061020102,201312	1226
36005013500,201312	3
36047004100,201312	497
36047017100,201312	17
36047028502,201312	15
36081022002,201312	8
36081021400,201312	79
36047011600,201312	2
36081053500,201312	15
36081011600,201312	11
36061013600,201312	17409
36005018400,201312	1
36081071701,201312	174
36047009400,201312	2
36081009400,201312	2
36005021100,201312	4
36005011700,201312	6
36061008400,201312	20421
36047095600,201312	1
36061015300,201312	21470
36047095800,201312	2
36047058400,201312	2
36081058700,201312	3
36047034300,201312	4
36081029100,201312	154
36081099703,201312	1
36047048900,201312	25
36061006000,201312	4136
36061022200,201312	994
36047044600,201312	13
36081045900,201312	3
36047087401,201312	1
36005006300,201312	140
36081089200,201312	4
36005023301,201312	1
36081073900,201312	158
36047006200,201312	4
36081000600,201312	2
36047053100,201312	43
36047016900,201312	45
36047098600,201312	1
36005023900,201312	1
36081052500,201312	1
36005003900,201312	17
36061011201,201312	19465
36081040900,201312	2
36081012800,201312	1
36047049900,201312	142
36081051600,201312	1
36081120500,201312	1
36047050100,201312	1662
36061019702,201312	1296
36081116300,201312	11
36047086200,201312	2
36047025500,201312	33
36081016600,201312	1
36061007300,201312	18740
36081033401,201312	1
36081051700,201312	46
36081023600,201312	2
36005015900,201312	3
36061022900,201312	743
36047008500,201312	15
36081130100,201312	3
36047002100,201312	2924
36047049300,201312	442
36047035200,201312	2
36061007200,201312	31007
36081067700,201312	3
36081085900,201312	2
36005018302,201312	12
36005026400,201312	2
36005002300,201312	18
36005040502,201312	2
36047107800,201312	1
36061012000,201312	23470
36047036502,201312	5
36061017800,201312	608
36081005500,201312	131
36081024300,201312	46
36061003200,201312	17780
36047058900,201312	72
36081043702,201312	14
36081048100,201312	23
36061006800,201312	26537
36005033500,201312	6
36047080000,201312	6
36081008800,201312	11
36047000900,201312	1916
36081147900,201312	2
36081019800,201312	1
36081026700,201312	184
36047065400,201312	2
36005025700,201312	2
36081056500,201312	2
36047054300,201312	71
36047012100,201312	186
36047036600,201312	3
36047026600,201312	1
36081065600,201312	6
36005003100,201312	2
36061001001,201312	176
36081008500,201312	87
36081018502,201312	29
36085023100,201312	1
36047052500,201312	647
36081157902,201312	3
36047019500,201312	249
36081068200,201312	5
36047119200,201312	1
36081060600,201312	6
36047078000,201312	4
36047046800,201312	1
36081066701,201312	2
36061016200,201312	371
36061024301,201312	14
36081078800,201312	5
36061021500,201312	171
36047028400,201312	1
36047011900,201312	601
36081010300,201312	63
36061023000,201312	181
36047059800,201312	3
36047077400,201312	6
36061000201,201312	61
36047048000,201312	3
36081055500,201312	4
36047000200,201312	12
36047065000,201312	2
36047025600,201312	2
36061021303,201312	189
36005026602,201312	1
36047110400,201312	2
36081061301,201312	11
36005008300,201312	1
36047072200,201312	2
36081087100,201312	24
36081126500,201312	1
36085010500,201312	1
36081018501,201312	18
36047028100,201312	23
36005037504,201312	3
36047050801,201312	19
36047027800,201312	1
36047116600,201312	1
36081018600,201312	42
36081071702,201312	65
36047015700,201312	168
36047008800,201312	5
36047000502,201312	1510
36005019300,201312	10
36005007300,201312	1
36047031300,201312	71
36061011000,201312	21900
36081015400,201312	10
36005013100,201312	2
36047059401,201312	1
36047057300,201312	115
36061000202,201312	173
36081088400,201312	15
36081080302,201312	4
36081011300,201312	179
36005016100,201312	1
36061007900,201312	29496
36047087800,201312	3
36081138502,201312	1
36081069500,201312	20
36081018700,201312	79
36005032600,201312	3
36047046000,201312	10
36047028700,201312	121
36061024100,201312	400
36061026500,201312	324
36047076800,201312	11
36047041700,201312	6
36047051700,201312	1619
36061009500,201312	23254
36081053800,201312	1
36061004100,201312	14355
36005004600,201312	1
36081020200,201312	109
36047035500,201312	5
36081061900,201312	1
36061014601,201312	8865
36061000700,201312	15516
36061022400,201312	390
36047012902,201312	811
36081002800,201312	1
36005021200,201312	3
36047019900,201312	292
36061010200,201312	31634
36005040400,201312	2
36061017700,201312	7347
36047093800,201312	1
36047080800,201312	4
36081065900,201312	1
36047015400,201312	2
36005028500,201312	18
36061002601,201312	1762
36061007700,201312	18932
36047081800,201312	6
36047041300,201312	4
36081053100,201312	7
36061003900,201312	17065
36005045102,201312	1
36005022300,201312	3
36005033800,201312	1
36061019300,201312	3776
36047029300,201312	11
36081008300,201312	360
36005040100,201312	2
36081033900,201312	62
36047018700,201312	190
36047056900,201312	1411
36081048400,201312	1
36061008100,201312	19146
36005038301,201312	2
36061013100,201312	34873
36047101200,201312	2
36047102600,201312	1
36047006600,201312	6
36085017010,201312	1
36081040500,201312	4
36081052100,201312	7
36081139900,201312	2
36061005400,201312	20572
36005014100,201312	8
36081115700,201312	4
36047055400,201312	4
36061002202,201312	2708
36047082600,201312	3
36061014402,201312	7671
36047082800,201312	4
36047054900,201312	1769
36061030300,201312	21
36081014100,201312	87
36047090000,201312	1
36047024000,201312	1
36061010400,201312	24031
36047050900,201312	45
36047067200,201312	1
36081152901,201312	1
36005039700,201312	22
36061012900,201312	20280
36047017500,201312	6
36047000501,201312	488
36081140300,201312	1
36081097202,201312	1
36047048200,201312	18
36081085300,201312	11
36061005700,201312	13569
36081061400,201312	9
36047007800,201312	7
36081079200,201312	175
36081001800,201312	5
36081038100,201312	6
36047039800,201312	1
36061006500,201312	23163
36005022401,201312	3
36047058000,201312	1
36005029302,201312	21
36005023600,201312	1
36047009600,201312	2
36047059100,201312	162
36047050500,201312	136
36081077908,201312	3
36061013200,201312	13184
36047105801,201312	3
36005008600,201312	2
36047004300,201312	1466
36081013500,201312	61
36047003800,201312	1
36081047000,201312	1
36047041200,201312	2
36005006900,201312	10
36081059900,201312	2
36061004500,201312	12271
36005041300,201312	3
36061015801,201312	11091
36047009200,201312	3
36081015802,201312	2
36047030700,201312	17
36061000600,201312	1042
36047025200,201312	1
36081029500,201312	92
36061023600,201312	57
36047086000,201312	1
36061008800,201312	21122
36081000100,201312	990
36081119100,201312	2
36081017200,201312	45
36047049400,201312	52
36081030904,201312	99
36047006300,201312	76
36005042400,201312	3
36047006400,201312	9
36081030600,201312	129
36081012000,201312	1
36061003800,201312	20984
36081045500,201312	15
36061025500,201312	299
36005014701,201312	5
36061016100,201312	9600
36047099600,201312	3
36061022600,201312	306
36047002300,201312	121
36005037900,201312	2
36081058500,201312	3
36047051601,201312	8
36061031703,201312	16381
36061017402,201312	236
36081015801,201312	15
36005035800,201312	1
36047109800,201312	1
36081039900,201312	6
36047051200,201312	11
36061009200,201312	53558
36081161700,201312	4
36081062400,201312	1
36061015900,201312	13931
36081003300,201312	2336
36081014202,201312	56
36081086400,201312	3
36047032800,201312	1
36047010200,201312	1
36005018101,201312	2
36005038500,201312	2
36005007000,201312	12
36081046500,201312	5
36081018000,201312	15
36061001401,201312	570
36047050600,201312	30
36047043900,201312	21
36085009601,201312	2
36005019700,201312	8
36061017100,201312	13491
36061001800,201312	22447
36061008601,201312	4526
36061003400,201312	13464
36081031700,201312	428
36061026700,201312	4
36047052800,201312	4
36081083800,201312	1
36047054500,201312	13
36005038302,201312	1
36061011700,201312	10251
36047103400,201312	4
36047017400,201312	1
36085019800,201312	1
36061015500,201312	8290
36047005201,201312	1
36047005100,201312	103
36047025902,201312	5
36047117800,201312	10
36081005700,201312	210
36005000100,201312	5
36047010400,201312	1
36047051400,201312	12
36047013000,201312	13
36047043000,201312	7
36081099701,201312	2
36081071306,201312	18
36061029100,201312	20
36061018400,201312	544
36005005100,201312	222
36047042500,201312	56
36081122702,201312	5
36081043701,201312	42
36081059500,201312	11
36005004100,201312	8
36081084900,201312	4
36081044000,201312	2
36081010200,201312	2
36047013300,201312	877
36081062700,201312	1
36081071304,201312	42
36047017000,201312	1
36005025500,201312	1
36047065800,201312	2
36005022703,201312	1
36085007500,201312	1
36047015300,201312	174
36081015600,201312	5
36047089000,201312	5
36005028600,201312	1
36081157102,201312	9
36047022700,201312	206
36081059400,201312	2
36081060000,201312	1
36085027705,201312	1
36061029500,201312	104
36085012200,201312	1
36047039700,201312	23
36061004900,201312	19251
36061011402,201312	21204
36061016800,201312	4570
36047091600,201312	1
36047042100,201312	28
36047039400,201312	1
36047025700,201312	44
36081040100,201312	7
36081010800,201312	4
36047031100,201312	6
36047038800,201312	2
36005029301,201312	3
36005017300,201312	6
36047037300,201312	14
36081050201,201312	1
36005035100,201312	5
36061018800,201312	1373
36081024900,201312	324
36081126700,201312	8
36081026901,201312	39
36047102800,201312	1
36005012901,201312	2
36047049100,201312	144
36005024501,201312	3
36081064102,201312	5
36005009800,201312	5
36047111600,201312	1
36061015601,201312	3735
36085017600,201312	1
36047077200,201312	2
36081066900,201312	1
36047019600,201312	1
36005022102,201312	2
36047027400,201312	1
36005007100,201312	11
36047084600,201312	1
36081008600,201312	3
36081041400,201312	1
36081079900,201312	7
36005030100,201312	3
36047044000,201312	1
36047052300,201312	2225
36047083400,201312	14
36081007100,201312	722
36047087000,201312	1
36061020000,201312	694
36047047600,201312	1
36005021002,201312	1
36047062600,201312	1
36081055900,201312	3
36081054700,201312	2
36061000500,201312	22
36047119600,201312	3
36005016300,201312	1
36047016100,201312	916
36047028200,201312	2
36005043500,201312	24
36061013500,201312	14914
36081063301,201312	1
36047008000,201312	5
36081023200,201312	3
36047019800,201312	2
36081019200,201312	53
36081144700,201312	1
36081035100,201312	41
36061017401,201312	674
36081080301,201312	11
36005016600,201312	1
36081014201,201312	1
36061005600,201312	26361
36047120800,201312	2
36047016400,201312	2
36081071305,201312	28
36005016900,201312	1
36081103900,201312	1
36061030900,201312	22
36047112600,201312	1
36047100400,201312	1
36047033900,201312	16
36081032900,201312	47
36047026500,201312	23
36081054900,201312	13
36047122000,201312	2
36047119000,201312	2
36081155102,201312	2
36047022600,201312	6
36061021200,201312	480
36047113200,201312	2
36005021900,201312	9
36081079702,201312	5
36047006900,201312	1227
36005042100,201312	6
36081033402,201312	1
36047040900,201312	6
36047015200,201312	2
36081018101,201312	772
36005008500,201312	1
36061014801,201312	9856
36047990100,201312	1
36081124100,201312	5
36047043500,201312	6
36047054200,201312	3
36047042000,201312	2
36047051800,201312	3
36005037400,201312	5
36061028300,201312	11
36047016200,201312	1
36061002000,201312	439
36081018401,201312	1
36061027100,201312	111
36047021800,201312	2
36005003700,201312	1
36081010701,201312	22
36081003700,201312	54
36061010602,201312	8311
36047030500,201312	152
36047085600,201312	5
36061024000,201312	152
36005009300,201312	6
36047038100,201312	5
36047032700,201312	108
36081094500,201312	5
36047074200,201312	1
36085021300,201312	10
36061018100,201312	7488
36047051900,201312	3006
36061003001,201312	17652
36005028900,201312	13
36005029700,201312	5
36061015200,201312	7232
36061014700,201312	2409
36061002500,201312	288
36047039300,201312	158
36047021500,201312	195
36081017000,201312	5
36081046600,201312	4
36047060800,201312	4
36081005400,201312	8
36061020600,201312	183
36061022102,201312	199
36081012400,201312	9
36047056500,201312	795
36047021000,201312	8
36081035300,201312	28
36047011000,201312	3
36047007200,201312	3
36047043200,201312	1
36081119500,201312	1
36081017900,201312	1097
36081050700,201312	7
36005011900,201312	3
36047023800,201312	1
36047003100,201312	608
36047021400,201312	4
36081067900,201312	8
36005002702,201312	4
36047055200,201312	3
36081066300,201312	2
36081049301,201312	3
36005007600,201312	3
36061021600,201312	1153
36061013400,201312	20246
36047069602,201312	1
36047026800,201312	1
36061026300,201312	163
36005023502,201312	2
36081019400,201312	80
36005006000,201312	4
36081070700,201312	1
36081053900,201312	15
36047007400,201312	6
36061017000,201312	1933
36081064600,201312	1
36081077300,201312	10
36081029300,201312	73
36061007400,201312	28228
36081093900,201312	1
36061021900,201312	984
36047040200,201312	2
36047081600,201312	3
36047049800,201312	12
36047060000,201312	1
36061017300,201312	9902
36081057700,201312	4
36061022302,201312	340
36061013000,201312	21440
36005026601,201312	2
36081020800,201312	85
36061011300,201312	31901
36081024600,201312	1
36061019900,201312	6062
36085013301,201312	1
36005015200,201312	1
36081065501,201312	1
36047029000,201312	2
36047056300,201312	324
36047087600,201312	3
36061019600,201312	1316
36081068700,201312	44
36005050400,201312	2
36047018501,201312	101
36005007200,201312	28
36061002900,201312	5355
36081029700,201312	144
36047041402,201312	1
36081062100,201312	1
36081079000,201312	120
36081018402,201312	3
36061009800,201312	28216
36047006700,201312	1482
36047086600,201312	1
36081122300,201312	2
36047031900,201312	13
36047050700,201312	55
36005027600,201312	2
36047012600,201312	13
36061024500,201312	446
36047022100,201312	89
36047018100,201312	382
36005004300,201312	8
36047024300,201312	196
36061007800,201312	15869
36005030900,201312	2
36047019100,201312	289
36081019900,201312	309
36061003700,201312	22652
36061016300,201312	16177
36081060100,201312	10
36047042700,201312	153
36061020101,201312	721
36061024200,201312	402
36047028600,201312	4
36047074000,201312	3
36047048100,201312	182
36081028700,201312	102
36061006700,201312	15758
36047045300,201312	248
36061018300,201312	10041
36061023400,201312	63
36081037900,201312	5
36005040304,201312	3
36047118400,201312	2
36047010100,201312	71
36047089200,201312	2
36081012500,201312	605
36081058300,201312	7
36081072100,201312	6
36047072600,201312	1
36005038900,201312	1
36081046900,201312	16
36005005300,201312	2
36061012100,201312	23134
36081062200,201312	13
36061023502,201312	18
36005011502,201312	4
36047082400,201312	1
36081044800,201312	13
36081084500,201312	4
36061004000,201312	20993
36081028300,201312	102
36061019701,201312	1208
36047029800,201312	4
36047042300,201312	170
36047070600,201312	2
36061019500,201312	5843
36081012100,201312	153
36081037300,201312	35
36061011202,201312	20580
36005005600,201312	1
36061012400,201312	20243
36081049500,201312	12
36061023802,201312	93
36081033100,201312	89673
36005038700,201312	1
36047036001,201312	1
36047114201,201312	3
36047035400,201312	1
36081025900,201312	147
36005020400,201312	1
36061022500,201312	680
36081047900,201312	19
36047027200,201312	2
36061027700,201312	12
36047002000,201312	4
36047057600,201312	1
36081007500,201312	487
36047041600,201312	1
36081020500,201312	54
36005023704,201312	2
36081049302,201312	23
36047002200,201312	9
36047053900,201312	9
36047101800,201312	1
36005018102,201312	9
36061005900,201312	7465
36047077000,201312	7
36081033000,201312	2
36047031702,201312	46
36005028400,201312	5
36047051300,201312	1755
36047001100,201312	1477
36061012200,201312	17500
36047020000,201312	1
36047036501,201312	4
36081081400,201312	28
36047054800,201312	1
36047013200,201312	2
36005018301,201312	9
36047023500,201312	118
36047117602,201312	1
36005025300,201312	1
36081085500,201312	2
36061007100,201312	17923
36061011600,201312	13031
36005022403,201312	2
36047117400,201312	1
36047020500,201312	177
36047043700,201312	11
36047081000,201312	3
36061029700,201312	9
36061004300,201312	18174
36081044400,201312	1
36047028900,201312	52
36081102900,201312	2
36081086900,201312	283
36081001400,201312	1
36047044700,201312	115
36047015500,201312	81
36081067100,201312	1
36047006000,201312	6
36005042901,201312	2
36081021600,201312	197
36047044800,201312	25
36047035000,201312	4
36081036500,201312	34
36081050500,201312	4
36047014300,201312	132
36081011700,201312	130
36047054400,201312	2
36081028200,201312	1
36047034100,201312	21
36061014900,201312	25910
36081074300,201312	6
36047092000,201312	1
36081036300,201312	13
36085000700,201312	1
36081060701,201312	6
36081056600,201312	1
36081037100,201312	23
36061022800,201312	345
36005037800,201312	1
36081086100,201312	1
36047000301,201312	404
36081066000,201312	3
36081076901,201312	11
36005023200,201312	1
36081065703,201312	1
36061008000,201312	31099
36081073100,201312	1
36047114400,201312	1
36047040500,201312	5
36047016700,201312	65
36081014300,201312	275
36047073600,201312	3
36061001300,201312	14706
36061015001,201312	6186
36005016500,201312	1
36081045000,201312	2
36081086500,201312	9
36005043100,201312	3
36005020601,201312	1
36047069000,201312	2
36081022001,201312	25
36081091601,201312	2
36005021001,201312	1
36061008300,201312	28923
36081010500,201312	17
36081011100,201312	15
36005003500,201312	1
36047017700,201312	161
36047003300,201312	1149
36081092800,201312	2
36047012000,201312	9
36047049200,201312	33
36081054500,201312	2
36047107000,201312	6
36047037900,201312	8
36005006200,201312	4
36005044902,201312	4
36061006600,201312	13422
36081044302,201312	7
36081036100,201312	25
36047008200,201312	9
36061001200,201312	434
36081041500,201312	1
36047058200,201312	2
36005040900,201312	2
36061013300,201312	17288
36047030300,201312	4
36005048400,201312	1
36047050202,201312	10
36061019100,201312	7397
36081044602,201312	8
36061016600,201312	2081
36047005300,201312	107
36081100801,201312	1
36061026100,201312	21
36081027300,201312	14
36081026100,201312	152
36081029400,201312	5
36081017600,201312	2
36061020300,201312	3020
36081010100,201312	60
36061002602,201312	3030
36047025800,201312	1
36081013800,201312	5
36085018701,201312	1
36047021700,201312	129
36081038301,201312	11
36061009300,201312	14219
36081070900,201312	3
36081055100,201312	7
36047005602,201312	2
36081027500,201312	8
36081006502,201312	245
36081162100,201312	9
36005020200,201312	11
36081047600,201312	1
36081015700,201312	350
36005031000,201312	3
36047070203,201312	4
36047036300,201312	2
36081046400,201312	6
36047007100,201312	28
36047079200,201312	15
36047120200,201312	1
36005027900,201312	2
36081099900,201312	1
36081048000,201312	3
36005021302,201312	7
36047088600,201312	1
36047013500,201312	401
36047057500,201312	518
36047089600,201312	1
36047046400,201312	1
36047079400,201312	15
36005032300,201312	1
36005029500,201312	7
36047019300,201312	219
36085017007,201312	1
36061031704,201312	14165
36047026000,201312	1
36081015300,201312	75
36005002400,201312	1
36081063800,201312	10
36081027700,201312	23
36081033700,201312	103
36047001800,201312	52
36061002800,201312	2936
36047037500,201312	17
36005030200,201312	2
36005039200,201312	1
36061010800,201312	23857
36047052600,201312	40
36005040701,201312	1
36047115800,201312	2
36081107201,201312	1
36047019700,201312	263
36047035700,201312	3
36047050804,201312	19
36005027700,201312	2
36047045800,201312	3
36081028500,201312	60
36081018900,201312	35
36047006500,201312	1571
36081137700,201312	1
36081012200,201312	3
36005039300,201312	1
36081015000,201312	4
36061023200,201312	194
36005013800,201312	1
36047053500,201312	25
36081049200,201312	3
36047010000,201312	3
36005007900,201312	5
36061008700,201312	18793
36005028100,201312	1
36047018300,201312	561
36081050000,201312	1
36005022200,201312	8
36085990100,201312	12
36081055800,201312	1
36047118600,201312	3
36047072000,201312	1
36047027900,201312	5
36005025400,201312	1
36047064000,201312	1
36047092400,201312	4
36081024000,201312	4
36081062300,201312	1
36005004400,201312	5
36047078200,201312	2
36061020901,201312	481
36081009600,201312	4
36047055000,201312	8
36081016900,201312	320
36061017200,201312	1382
36061027500,201312	22
36081034700,201312	189
36005013000,201312	1
36047025100,201312	25
36081028100,201312	38
36047015100,201312	150
36047029700,201312	10
36047005800,201312	7
36061000900,201312	11629
36047055500,201312	1887
36047150200,201312	27
36047050400,201312	55
36061001501,201312	5581
36047049700,201312	668
36047110600,201312	1
36061019400,201312	766
36047002901,201312	65
36047026300,201312	9
36081085700,201312	4
36081002200,201312	11
36005009000,201312	3
36005037100,201312	1
36061011500,201312	24709
36047102400,201312	1
36047029200,201312	2
36081018200,201312	113
36081077903,201312	5
36081071900,201312	9
36061016001,201312	12863
36047016300,201312	266
36005040800,201312	1
36061010300,201312	13955
36005021700,201312	2
36081008700,201312	7
36081015200,201312	24
36047027100,201312	25
36061023700,201312	380
36061001502,201312	10480
36047061004,201312	1
36047005601,201312	2
36061028700,201312	75
36061020500,201312	4514
36081045600,201312	2
36081146700,201312	1
36081077907,201312	3
36081017100,201312	430
36005022702,201312	4
36061028100,201312	13
36081099705,201312	3
36047029400,201312	8
36085022600,201312	1
36061014602,201312	9817
36061012700,201312	17986
36081007300,201312	426
36005023800,201312	5
36047060600,201312	2
36081029900,201312	167
36081079701,201312	2
36081049900,201312	39
36005036100,201312	2
36081006201,201312	3
36047034900,201312	11
