36005000100,201212	68
36005000200,201212	35
36005000400,201212	35
36005001600,201212	9
36005001900,201212	1002
36005002000,201212	14
36005002300,201212	158
36005002400,201212	34
36005002500,201212	160
36005002701,201212	18
36005002702,201212	46
36005002800,201212	34
36005003100,201212	19
36005003300,201212	19
36005003500,201212	23
36005003700,201212	14
36005003800,201212	4
36005003900,201212	158
36005004001,201212	16
36005004100,201212	62
36005004200,201212	55
36005004300,201212	47
36005004400,201212	22
36005004600,201212	6
36005004800,201212	13
36005005001,201212	3
36005005002,201212	14
36005005100,201212	1135
36005005200,201212	32
36005005300,201212	17
36005005400,201212	14
36005005600,201212	5
36005005902,201212	17
36005006000,201212	21
36005006100,201212	54
36005006200,201212	9
36005006300,201212	794
36005006400,201212	8
36005006500,201212	173
36005006700,201212	62
36005006800,201212	6
36005006900,201212	50
36005007000,201212	23
36005007100,201212	54
36005007200,201212	93
36005007300,201212	22
36005007400,201212	5
36005007500,201212	24
36005007600,201212	61
36005007700,201212	4
36005007800,201212	35
36005007900,201212	22
36005008300,201212	37
36005008400,201212	3
36005008500,201212	19
36005008600,201212	11
36005008700,201212	18
36005008900,201212	9
36005009000,201212	31
36005009200,201212	90
36005009300,201212	143
36005009600,201212	47
36005009800,201212	28
36005011000,201212	51
36005011502,201212	20
36005011700,201212	38
36005011800,201212	8
36005011900,201212	16
36005012101,201212	12
36005012102,201212	4
36005012300,201212	27
36005012500,201212	16
36005012701,201212	4
36005012901,201212	12
36005013000,201212	6
36005013100,201212	8
36005013200,201212	24
36005013300,201212	9
36005013500,201212	9
36005013800,201212	12
36005014100,201212	50
36005014300,201212	23
36005014400,201212	3
36005014500,201212	41
36005014701,201212	14
36005014702,201212	13
36005014900,201212	7
36005015100,201212	65
36005015200,201212	8
36005015300,201212	12
36005015500,201212	13
36005015700,201212	16
36005015800,201212	1
36005015900,201212	9
36005016000,201212	11
36005016100,201212	5
36005016200,201212	3
36005016300,201212	15
36005016500,201212	19
36005016600,201212	2
36005016700,201212	15
36005016900,201212	7
36005017100,201212	14
36005017300,201212	27
36005017500,201212	8
36005017701,201212	12
36005017702,201212	16
36005017901,201212	21
36005017902,201212	18
36005018101,201212	8
36005018102,201212	39
36005018301,201212	35
36005018302,201212	29
36005018400,201212	10
36005018500,201212	87
36005018900,201212	80
36005019300,201212	27
36005019400,201212	24
36005019500,201212	125
36005019700,201212	64
36005019900,201212	36
36005020000,201212	21
36005020100,201212	37
36005020200,201212	7
36005020400,201212	7
36005020501,201212	58
36005020502,201212	10
36005020601,201212	963
36005020900,201212	16
36005021001,201212	40
36005021002,201212	24
36005021100,201212	30
36005021200,201212	16
36005021301,201212	8
36005021302,201212	31
36005021501,201212	26
36005021502,201212	46
36005021601,201212	98
36005021602,201212	89
36005021700,201212	362
36005021800,201212	37
36005021900,201212	38
36005022000,201212	16
36005022101,201212	7
36005022102,201212	10
36005022200,201212	40
36005022300,201212	15
36005022401,201212	21
36005022403,201212	15
36005022404,201212	7
36005022500,201212	18
36005022701,201212	89
36005022702,201212	15
36005022703,201212	15
36005022800,201212	7
36005022901,201212	14
36005022902,201212	10
36005023000,201212	8
36005023100,201212	20
36005023200,201212	7
36005023301,201212	427
36005023302,201212	8
36005023501,201212	26
36005023502,201212	17
36005023600,201212	4
36005023702,201212	6
36005023703,201212	34
36005023704,201212	19
36005023800,201212	43
36005023900,201212	20
36005024000,201212	39
36005024100,201212	34
36005024300,201212	124
36005024400,201212	8
36005024501,201212	18
36005024502,201212	16
36005024600,201212	4
36005024700,201212	10
36005024800,201212	11
36005024900,201212	17
36005025000,201212	3
36005025100,201212	61
36005025200,201212	5
36005025300,201212	8
36005025400,201212	1
36005025500,201212	20
36005025600,201212	5
36005025700,201212	24
36005026100,201212	12
36005026300,201212	31
36005026400,201212	5
36005026500,201212	30
36005026601,201212	4
36005026602,201212	6
36005026701,201212	4
36005026702,201212	12
36005026900,201212	39
36005027300,201212	14
36005027401,201212	2
36005027402,201212	1
36005027600,201212	13
36005027700,201212	46
36005027900,201212	17
36005028100,201212	14
36005028300,201212	39
36005028400,201212	19
36005028500,201212	34
36005028600,201212	4
36005028700,201212	13
36005028800,201212	6
36005028900,201212	71
36005029301,201212	14
36005029302,201212	38
36005029500,201212	31
36005029600,201212	23
36005029700,201212	31
36005030000,201212	6
36005030100,201212	7
36005030200,201212	5
36005030701,201212	16
36005030900,201212	21
36005031000,201212	7
36005031200,201212	1
36005031400,201212	2
36005031600,201212	5
36005031800,201212	1
36005031900,201212	4
36005032300,201212	18
36005032600,201212	9
36005032800,201212	9
36005033000,201212	11
36005033201,201212	7
36005033202,201212	3
36005033400,201212	56
36005033500,201212	32
36005033600,201212	4
36005033700,201212	22
36005033800,201212	6
36005034000,201212	6
36005034200,201212	3
36005034300,201212	1
36005034400,201212	5
36005034500,201212	8
36005034800,201212	15
36005035000,201212	5
36005035100,201212	24
36005035600,201212	5
36005035800,201212	5
36005035900,201212	5
36005036000,201212	11
36005036100,201212	12
36005036300,201212	10
36005036400,201212	8
36005036501,201212	7
36005036502,201212	3
36005036700,201212	6
36005036800,201212	6
36005036901,201212	6
36005036902,201212	3
36005037000,201212	2
36005037100,201212	6
36005037200,201212	1
36005037300,201212	4
36005037504,201212	10
36005037600,201212	2
36005037800,201212	5
36005037900,201212	15
36005038000,201212	1
36005038100,201212	22
36005038200,201212	2
36005038301,201212	14
36005038302,201212	11
36005038500,201212	6
36005038600,201212	6
36005038700,201212	10
36005038900,201212	8
36005039000,201212	2
36005039100,201212	3
36005039200,201212	2
36005039300,201212	10
36005039400,201212	7
36005039500,201212	43
36005039600,201212	4
36005039700,201212	17
36005039901,201212	15
36005039902,201212	8
36005040100,201212	27
36005040302,201212	6
36005040303,201212	34
36005040304,201212	5
36005040400,201212	4
36005040501,201212	4
36005040502,201212	6
36005040600,201212	2
36005040701,201212	43
36005040702,201212	14
36005040800,201212	6
36005040900,201212	50
36005041100,201212	13
36005041300,201212	8
36005041400,201212	5
36005041500,201212	4
36005041800,201212	6
36005041900,201212	18
36005042000,201212	6
36005042100,201212	23
36005042200,201212	2
36005042300,201212	3
36005042400,201212	4
36005042500,201212	25
36005042600,201212	2
36005042901,201212	11
36005042902,201212	5
36005043100,201212	9
36005043400,201212	5
36005043500,201212	54
36005044200,201212	5
36005044800,201212	1
36005044901,201212	16
36005044902,201212	14
36005045101,201212	11
36005045102,201212	9
36005045600,201212	4
36005045800,201212	2
36005046000,201212	3
36005046201,201212	35
36005046202,201212	11
36005048400,201212	1
36005050400,201212	14
36005051600,201212	19
36047000100,201212	2971
36047000200,201212	46
36047000301,201212	1509
36047000501,201212	1938
36047000502,201212	7314
36047000700,201212	5898
36047000900,201212	9434
36047001100,201212	5385
36047001300,201212	7373
36047001500,201212	12144
36047001800,201212	194
36047002000,201212	11
36047002100,201212	10526
36047002200,201212	24
36047002300,201212	418
36047002901,201212	250
36047003000,201212	7
36047003100,201212	2732
36047003300,201212	4869
36047003400,201212	17
36047003500,201212	6223
36047003600,201212	15
36047003700,201212	3588
36047003800,201212	5
36047003900,201212	4213
36047004100,201212	2572
36047004300,201212	8031
36047004400,201212	11
36047004500,201212	8610
36047004600,201212	12
36047004700,201212	676
36047004900,201212	721
36047005000,201212	10
36047005100,201212	429
36047005201,201212	8
36047005202,201212	11
36047005300,201212	665
36047005400,201212	16
36047005601,201212	4
36047005602,201212	13
36047005800,201212	32
36047005900,201212	475
36047006000,201212	34
36047006200,201212	27
36047006300,201212	558
36047006400,201212	38
36047006500,201212	8120
36047006600,201212	39
36047006700,201212	6731
36047006800,201212	77
36047006900,201212	6207
36047007000,201212	36
36047007100,201212	125
36047007200,201212	3
36047007400,201212	40
36047007500,201212	4903
36047007600,201212	42
36047007700,201212	3007
36047007800,201212	25
36047008000,201212	49
36047008200,201212	47
36047008400,201212	286
36047008500,201212	40
36047008600,201212	3
36047008800,201212	21
36047009000,201212	17
36047009200,201212	19
36047009400,201212	17
36047009600,201212	35
36047009800,201212	19
36047010000,201212	8
36047010100,201212	289
36047010200,201212	8
36047010400,201212	9
36047010600,201212	5
36047010800,201212	3
36047011000,201212	15
36047011200,201212	9
36047011400,201212	13
36047011600,201212	13
36047011700,201212	298
36047011800,201212	3
36047011900,201212	2215
36047012000,201212	61
36047012100,201212	741
36047012200,201212	30
36047012600,201212	58
36047012700,201212	1078
36047012801,201212	14
36047012901,201212	8483
36047012902,201212	4338
36047013000,201212	63
36047013100,201212	3423
36047013200,201212	11
36047013300,201212	4126
36047013400,201212	45
36047013500,201212	1949
36047013600,201212	28
36047013700,201212	2705
36047013800,201212	45
36047013900,201212	1599
36047014000,201212	14
36047014100,201212	973
36047014200,201212	52
36047014300,201212	669
36047014500,201212	378
36047014700,201212	33
36047014800,201212	3
36047014900,201212	461
36047015000,201212	9
36047015100,201212	597
36047015200,201212	10
36047015300,201212	772
36047015400,201212	9
36047015500,201212	314
36047015700,201212	629
36047015900,201212	2040
36047016000,201212	96
36047016100,201212	4310
36047016200,201212	17
36047016300,201212	1147
36047016400,201212	18
36047016500,201212	193
36047016600,201212	25
36047016700,201212	260
36047016800,201212	1
36047016900,201212	182
36047017000,201212	5
36047017100,201212	27
36047017200,201212	8
36047017400,201212	2
36047017500,201212	54
36047017600,201212	6
36047017700,201212	564
36047017800,201212	14
36047017900,201212	605
36047018000,201212	10
36047018100,201212	1431
36047018200,201212	5
36047018300,201212	2231
36047018400,201212	1
36047018501,201212	497
36047018600,201212	2
36047018700,201212	751
36047018800,201212	4
36047019000,201212	5
36047019100,201212	1240
36047019200,201212	9
36047019300,201212	814
36047019400,201212	12
36047019500,201212	1171
36047019600,201212	5
36047019700,201212	871
36047019800,201212	1
36047019900,201212	1435
36047020000,201212	5
36047020100,201212	657
36047020200,201212	3
36047020300,201212	652
36047020400,201212	5
36047020500,201212	516
36047020600,201212	4
36047020700,201212	349
36047020800,201212	4
36047021000,201212	6
36047021100,201212	177
36047021200,201212	20
36047021300,201212	187
36047021400,201212	9
36047021500,201212	548
36047021600,201212	5
36047021700,201212	454
36047021800,201212	12
36047021900,201212	398
36047022000,201212	23
36047022100,201212	279
36047022200,201212	13
36047022400,201212	12
36047022600,201212	9
36047022700,201212	679
36047022800,201212	40
36047022900,201212	352
36047023000,201212	5
36047023100,201212	203
36047023200,201212	13
36047023300,201212	760
36047023400,201212	36
36047023500,201212	473
36047023600,201212	18
36047023800,201212	5
36047024000,201212	7
36047024100,201212	657
36047024200,201212	11
36047024300,201212	606
36047024400,201212	9
36047024500,201212	427
36047024600,201212	15
36047024700,201212	320
36047024800,201212	5
36047024900,201212	176
36047025000,201212	5
36047025100,201212	74
36047025200,201212	19
36047025300,201212	150
36047025400,201212	9
36047025500,201212	145
36047025600,201212	13
36047025700,201212	131
36047025800,201212	5
36047025901,201212	83
36047025902,201212	30
36047026000,201212	10
36047026100,201212	133
36047026200,201212	7
36047026300,201212	41
36047026400,201212	6
36047026500,201212	72
36047026600,201212	10
36047026700,201212	72
36047026800,201212	5
36047026900,201212	104
36047027000,201212	5
36047027100,201212	140
36047027200,201212	5
36047027300,201212	33
36047027400,201212	5
36047027500,201212	34
36047027600,201212	5
36047027700,201212	38
36047027800,201212	9
36047027900,201212	48
36047028000,201212	3
36047028100,201212	91
36047028200,201212	8
36047028300,201212	43
36047028400,201212	15
36047028501,201212	186
36047028502,201212	52
36047028600,201212	13
36047028700,201212	337
36047028800,201212	11
36047028900,201212	175
36047029000,201212	16
36047029100,201212	33
36047029200,201212	21
36047029300,201212	33
36047029400,201212	14
36047029500,201212	48
36047029600,201212	16
36047029700,201212	57
36047029800,201212	17
36047029900,201212	35
36047030000,201212	5
36047030100,201212	28
36047030200,201212	6
36047030300,201212	20
36047030400,201212	8
36047030500,201212	437
36047030600,201212	2
36047030700,201212	23
36047030800,201212	11
36047030900,201212	26
36047031100,201212	25
36047031300,201212	71
36047031400,201212	4
36047031500,201212	243
36047031701,201212	93
36047031702,201212	175
36047031900,201212	42
36047032100,201212	93
36047032300,201212	132
36047032500,201212	117
36047032600,201212	8
36047032700,201212	483
36047032800,201212	3
36047032900,201212	36
36047033000,201212	4
36047033100,201212	22
36047033300,201212	13
36047033500,201212	46
36047033600,201212	6
36047033700,201212	159
36047033900,201212	27
36047034100,201212	28
36047034200,201212	1
36047034300,201212	27
36047034500,201212	14
36047034700,201212	9
36047034800,201212	13
36047034900,201212	35
36047035000,201212	6
36047035100,201212	53
36047035200,201212	7
36047035300,201212	46
36047035400,201212	9
36047035500,201212	26
36047035601,201212	8
36047035602,201212	6
36047035700,201212	6
36047035900,201212	22
36047036001,201212	3
36047036002,201212	4
36047036100,201212	6
36047036200,201212	9
36047036300,201212	12
36047036400,201212	53
36047036501,201212	10
36047036502,201212	12
36047036600,201212	143
36047036700,201212	15
36047036900,201212	24
36047037000,201212	95
36047037100,201212	10
36047037300,201212	33
36047037401,201212	2
36047037402,201212	7
36047037500,201212	55
36047037700,201212	27
36047037900,201212	9
36047038100,201212	25
36047038200,201212	3
36047038300,201212	46
36047038500,201212	31
36047038600,201212	4
36047038700,201212	50
36047038800,201212	2
36047038900,201212	676
36047039000,201212	12
36047039100,201212	474
36047039200,201212	45
36047039300,201212	403
36047039400,201212	11
36047039500,201212	107
36047039600,201212	3
36047039700,201212	103
36047039800,201212	3
36047039900,201212	56
36047040000,201212	10
36047040100,201212	44
36047040200,201212	11
36047040300,201212	24
36047040400,201212	3
36047040500,201212	7
36047040600,201212	3
36047040700,201212	14
36047040900,201212	8
36047041000,201212	2
36047041100,201212	7
36047041200,201212	10
36047041300,201212	8
36047041401,201212	8
36047041402,201212	4
36047041500,201212	20
36047041600,201212	5
36047041700,201212	24
36047041800,201212	13
36047041900,201212	14
36047042000,201212	20
36047042100,201212	84
36047042200,201212	20
36047042300,201212	273
36047042400,201212	16
36047042500,201212	162
36047042600,201212	10
36047042700,201212	406
36047042800,201212	10
36047042900,201212	144
36047043000,201212	10
36047043100,201212	103
36047043200,201212	22
36047043300,201212	41
36047043400,201212	6
36047043500,201212	28
36047043600,201212	8
36047043700,201212	23
36047043800,201212	13
36047043900,201212	71
36047044000,201212	12
36047044100,201212	27
36047044200,201212	17
36047044300,201212	50
36047044400,201212	14
36047044500,201212	113
36047044600,201212	71
36047044700,201212	218
36047044800,201212	148
36047044900,201212	991
36047045000,201212	62
36047045200,201212	9
36047045300,201212	770
36047045400,201212	11
36047045600,201212	44
36047045800,201212	18
36047046000,201212	49
36047046201,201212	10
36047046202,201212	37
36047046400,201212	13
36047046800,201212	11
36047047000,201212	2
36047047400,201212	7
36047047600,201212	16
36047047700,201212	1371
36047047800,201212	1291
36047048000,201212	34
36047048100,201212	665
36047048200,201212	101
36047048400,201212	100
36047048500,201212	1575
36047048600,201212	125
36047048800,201212	56
36047048900,201212	94
36047049000,201212	130
36047049100,201212	612
36047049200,201212	135
36047049300,201212	1471
36047049400,201212	220
36047049500,201212	2204
36047049600,201212	89
36047049700,201212	2894
36047049800,201212	44
36047049900,201212	645
36047050000,201212	90
36047050100,201212	7559
36047050202,201212	21
36047050300,201212	2607
36047050400,201212	223
36047050500,201212	323
36047050600,201212	73
36047050700,201212	194
36047050801,201212	62
36047050803,201212	104
36047050804,201212	42
36047050900,201212	175
36047051001,201212	23
36047051002,201212	39
36047051100,201212	457
36047051200,201212	25
36047051300,201212	6993
36047051400,201212	77
36047051500,201212	856
36047051601,201212	42
36047051602,201212	39
36047051700,201212	6702
36047051800,201212	263
36047051900,201212	12695
36047052000,201212	159
36047052300,201212	9570
36047052500,201212	2755
36047052600,201212	220
36047052700,201212	1435
36047052800,201212	32
36047052900,201212	776
36047053000,201212	52
36047053100,201212	107
36047053200,201212	24
36047053300,201212	157
36047053400,201212	30
36047053500,201212	185
36047053700,201212	226
36047053800,201212	18
36047053900,201212	44
36047054200,201212	12
36047054300,201212	325
36047054400,201212	2
36047054500,201212	60
36047054600,201212	12
36047054700,201212	361
36047054800,201212	7
36047054900,201212	7549
36047055000,201212	12
36047055100,201212	7248
36047055200,201212	14
36047055300,201212	23253
36047055400,201212	30
36047055500,201212	6974
36047055600,201212	5
36047055700,201212	6022
36047055800,201212	7
36047056000,201212	6
36047056100,201212	1990
36047056200,201212	6
36047056300,201212	1122
36047056400,201212	5
36047056500,201212	2740
36047056600,201212	3
36047056800,201212	1
36047056900,201212	5639
36047057000,201212	7
36047057100,201212	1526
36047057200,201212	21
36047057300,201212	573
36047057400,201212	3
36047057500,201212	1962
36047057600,201212	3
36047057800,201212	11
36047057900,201212	767
36047058000,201212	12
36047058200,201212	14
36047058400,201212	7
36047058600,201212	4
36047058800,201212	12
36047058900,201212	170
36047059000,201212	11
36047059100,201212	442
36047059200,201212	8
36047059300,201212	109
36047059401,201212	12
36047059402,201212	4
36047059600,201212	2
36047059800,201212	3
36047060000,201212	22
36047060600,201212	17
36047060800,201212	29
36047061002,201212	6
36047061003,201212	11
36047061004,201212	18
36047061200,201212	8
36047061600,201212	5
36047062000,201212	5
36047062200,201212	15
36047062600,201212	7
36047062800,201212	6
36047063200,201212	2
36047063600,201212	2
36047063800,201212	1
36047064000,201212	3
36047064200,201212	4
36047064400,201212	7
36047064800,201212	2
36047065000,201212	13
36047065200,201212	6
36047065400,201212	1
36047065600,201212	3
36047065800,201212	6
36047066000,201212	2
36047066200,201212	9
36047066600,201212	50
36047067000,201212	21
36047067200,201212	17
36047067400,201212	8
36047067600,201212	4
36047067800,201212	13
36047068000,201212	7
36047068200,201212	5
36047068600,201212	3
36047068800,201212	7
36047069000,201212	4
36047069200,201212	3
36047069601,201212	13
36047069602,201212	27
36047069800,201212	15
36047070000,201212	3
36047070201,201212	9
36047070202,201212	76
36047070203,201212	98
36047070600,201212	59
36047072000,201212	18
36047072200,201212	21
36047072400,201212	13
36047072600,201212	6
36047072800,201212	13
36047073000,201212	5
36047073200,201212	8
36047073400,201212	6
36047073600,201212	25
36047073800,201212	13
36047074000,201212	19
36047074200,201212	12
36047074400,201212	1
36047074600,201212	5
36047074800,201212	9
36047075000,201212	7
36047075200,201212	170
36047075400,201212	3
36047075600,201212	7
36047075800,201212	2
36047076000,201212	8
36047076200,201212	93
36047076400,201212	22
36047076600,201212	15
36047076800,201212	30
36047077000,201212	24
36047077200,201212	25
36047077400,201212	28
36047077600,201212	20
36047078000,201212	4
36047078200,201212	9
36047078400,201212	7
36047078600,201212	103
36047078800,201212	40
36047079000,201212	117
36047079200,201212	64
36047079400,201212	46
36047079601,201212	235
36047079602,201212	167
36047079801,201212	113
36047079802,201212	272
36047080000,201212	43
36047080200,201212	50
36047080400,201212	21
36047080600,201212	33
36047080800,201212	18
36047081000,201212	10
36047081400,201212	12
36047081600,201212	10
36047081800,201212	30
36047082000,201212	41
36047082200,201212	28
36047082400,201212	25
36047082600,201212	18
36047082800,201212	18
36047083000,201212	10
36047083200,201212	9
36047083400,201212	9
36047083600,201212	9
36047083800,201212	29
36047084000,201212	8
36047084600,201212	3
36047085000,201212	5
36047085200,201212	6
36047085400,201212	3
36047085600,201212	15
36047085800,201212	3
36047086000,201212	11
36047086200,201212	3
36047086400,201212	6
36047086600,201212	21
36047086800,201212	14
36047087000,201212	7
36047087200,201212	6
36047087401,201212	7
36047087600,201212	11
36047087800,201212	27
36047088000,201212	144
36047088200,201212	8
36047088400,201212	8
36047088600,201212	11
36047088800,201212	7
36047089000,201212	15
36047089200,201212	15
36047089400,201212	5
36047089600,201212	5
36047089800,201212	2
36047090000,201212	10
36047090200,201212	4
36047090600,201212	4
36047090800,201212	5
36047091000,201212	5
36047091200,201212	3
36047091600,201212	4
36047091800,201212	7
36047092000,201212	3
36047092200,201212	3
36047092400,201212	7
36047092800,201212	4
36047093000,201212	4
36047093200,201212	16
36047093400,201212	6
36047093600,201212	3
36047093800,201212	6
36047094401,201212	24
36047094402,201212	9
36047094600,201212	13
36047095000,201212	21
36047095400,201212	65
36047095600,201212	22
36047095800,201212	16
36047096000,201212	9
36047096200,201212	5
36047096400,201212	6
36047096600,201212	10
36047096800,201212	5
36047097000,201212	5
36047097400,201212	8
36047098200,201212	2
36047098400,201212	2
36047098600,201212	3
36047098800,201212	1
36047099000,201212	9
36047099200,201212	7
36047099400,201212	7
36047099600,201212	16
36047099800,201212	22
36047100400,201212	4
36047100600,201212	7
36047100800,201212	3
36047101000,201212	3
36047101200,201212	4
36047101600,201212	2
36047101800,201212	4
36047102200,201212	1
36047102400,201212	2
36047102600,201212	2
36047102800,201212	19
36047103400,201212	29
36047105801,201212	18
36047105804,201212	12
36047107000,201212	71
36047107800,201212	9
36047109800,201212	13
36047110400,201212	12
36047110600,201212	3
36047111000,201212	6
36047111600,201212	14
36047111800,201212	1
36047112000,201212	3
36047112200,201212	3
36047112400,201212	3
36047112600,201212	8
36047112800,201212	5
36047113000,201212	8
36047113200,201212	2
36047113400,201212	4
36047114201,201212	19
36047114202,201212	4
36047114400,201212	23
36047114600,201212	4
36047115000,201212	7
36047115200,201212	5
36047115600,201212	3
36047115800,201212	2
36047116000,201212	3
36047116200,201212	3
36047116400,201212	3
36047116600,201212	4
36047116800,201212	6
36047117000,201212	21
36047117201,201212	2
36047117202,201212	2
36047117400,201212	17
36047117601,201212	2
36047117602,201212	3
36047117800,201212	24
36047118000,201212	12
36047118201,201212	3
36047118202,201212	3
36047118400,201212	10
36047118600,201212	2
36047118800,201212	22
36047119000,201212	25
36047119200,201212	10
36047119400,201212	3
36047119600,201212	25
36047119800,201212	63
36047120000,201212	35
36047120200,201212	24
36047120800,201212	18
36047121000,201212	4
36047121400,201212	6
36047122000,201212	7
36047123700,201212	471
36047150200,201212	117
36047152200,201212	222
36047990100,201212	35
36061000100,201212	1
36061000201,201212	312
36061000202,201212	848
36061000500,201212	274
36061000600,201212	3995
36061000700,201212	54054
36061000800,201212	3050
36061000900,201212	36094
36061001001,201212	1093
36061001002,201212	1733
36061001200,201212	2237
36061001300,201212	63972
36061001401,201212	2089
36061001402,201212	13441
36061001501,201212	23699
36061001502,201212	32632
36061001600,201212	26696
36061001800,201212	97498
36061002000,201212	1871
36061002100,201212	74578
36061002201,201212	5408
36061002202,201212	12277
36061002400,201212	462
36061002500,201212	1392
36061002601,201212	8145
36061002602,201212	12902
36061002700,201212	3743
36061002800,201212	13724
36061002900,201212	26264
36061003001,201212	78154
36061003002,201212	44553
36061003100,201212	34149
36061003200,201212	82562
36061003300,201212	108955
36061003400,201212	63875
36061003601,201212	24453
36061003602,201212	47562
36061003700,201212	94568
36061003800,201212	104231
36061003900,201212	69277
36061004000,201212	100715
36061004100,201212	66031
36061004200,201212	58142
36061004300,201212	77527
36061004400,201212	50381
36061004500,201212	52048
36061004700,201212	67582
36061004800,201212	72748
36061004900,201212	88246
36061005000,201212	109895
36061005200,201212	129084
36061005400,201212	96888
36061005501,201212	34380
36061005502,201212	77752
36061005600,201212	115298
36061005700,201212	58560
36061005800,201212	119096
36061005900,201212	35831
36061006000,201212	19324
36061006100,201212	85416
36061006200,201212	27658
36061006300,201212	81473
36061006400,201212	82814
36061006500,201212	110339
36061006600,201212	61395
36061006700,201212	71842
36061006800,201212	121408
36061006900,201212	31983
36061007000,201212	84872
36061007100,201212	84617
36061007200,201212	143127
36061007300,201212	91640
36061007400,201212	129283
36061007500,201212	44010
36061007600,201212	137540
36061007700,201212	89578
36061007800,201212	73864
36061007900,201212	132329
36061008000,201212	135848
36061008100,201212	86349
36061008200,201212	121214
36061008300,201212	120389
36061008400,201212	78848
36061008601,201212	19766
36061008602,201212	6052
36061008603,201212	26303
36061008700,201212	87150
36061008800,201212	91378
36061008900,201212	40170
36061009000,201212	89887
36061009100,201212	111310
36061009200,201212	226769
36061009300,201212	62121
36061009400,201212	135379
36061009500,201212	98840
36061009600,201212	92638
36061009700,201212	24375
36061009800,201212	134005
36061009900,201212	127353
36061010000,201212	163886
36061010100,201212	334769
36061010200,201212	144966
36061010300,201212	55395
36061010400,201212	108899
36061010601,201212	40054
36061010602,201212	39741
36061010800,201212	108606
36061010900,201212	100018
36061011000,201212	99904
36061011100,201212	63357
36061011201,201212	84448
36061011202,201212	93699
36061011203,201212	72777
36061011300,201212	147366
36061011401,201212	86785
36061011402,201212	98052
36061011500,201212	110325
36061011600,201212	56060
36061011700,201212	49447
36061011800,201212	77207
36061011900,201212	146944
36061012000,201212	97263
36061012100,201212	106227
36061012200,201212	74490
36061012400,201212	82419
36061012500,201212	164365
36061012600,201212	87453
36061012700,201212	84369
36061012800,201212	111559
36061012900,201212	88465
36061013000,201212	90548
36061013100,201212	157863
36061013200,201212	59060
36061013300,201212	77769
36061013400,201212	95661
36061013500,201212	59400
36061013600,201212	79168
36061013700,201212	200453
36061013800,201212	89525
36061013900,201212	89780
36061014000,201212	95744
36061014200,201212	88500
36061014300,201212	201054
36061014401,201212	24158
36061014402,201212	35279
36061014500,201212	141565
36061014601,201212	44736
36061014602,201212	48900
36061014700,201212	12830
36061014801,201212	44830
36061014802,201212	78018
36061014900,201212	117503
36061015001,201212	26980
36061015002,201212	66301
36061015100,201212	49216
36061015200,201212	31755
36061015300,201212	105884
36061015400,201212	62540
36061015500,201212	37045
36061015601,201212	17473
36061015602,201212	8312
36061015700,201212	70330
36061015801,201212	46764
36061015802,201212	15216
36061015900,201212	63421
36061016001,201212	52163
36061016002,201212	16827
36061016100,201212	43589
36061016200,201212	1872
36061016300,201212	71058
36061016400,201212	9256
36061016500,201212	65001
36061016600,201212	10362
36061016700,201212	64735
36061016800,201212	20236
36061016900,201212	51221
36061017000,201212	9084
36061017100,201212	61948
36061017200,201212	6926
36061017300,201212	43856
36061017401,201212	3260
36061017402,201212	1178
36061017500,201212	52270
36061017700,201212	31983
36061017800,201212	2800
36061017900,201212	43145
36061018000,201212	8036
36061018100,201212	33407
36061018200,201212	5493
36061018300,201212	44739
36061018400,201212	2827
36061018500,201212	27708
36061018600,201212	2509
36061018700,201212	31922
36061018800,201212	7273
36061018900,201212	21323
36061019000,201212	2851
36061019100,201212	33040
36061019200,201212	536
36061019300,201212	17105
36061019400,201212	3447
36061019500,201212	27821
36061019600,201212	7701
36061019701,201212	5989
36061019702,201212	6224
36061019800,201212	7462
36061019900,201212	33214
36061020000,201212	3294
36061020101,201212	3618
36061020102,201212	5995
36061020300,201212	15725
36061020500,201212	22667
36061020600,201212	761
36061020701,201212	2808
36061020800,201212	1425
36061020901,201212	2639
36061021000,201212	722
36061021100,201212	17496
36061021200,201212	2045
36061021303,201212	958
36061021400,201212	156
36061021500,201212	747
36061021600,201212	5720
36061021703,201212	390
36061021800,201212	4985
36061021900,201212	5724
36061022000,201212	2768
36061022102,201212	701
36061022200,201212	4972
36061022301,201212	4530
36061022302,201212	2215
36061022400,201212	1700
36061022500,201212	3901
36061022600,201212	1363
36061022700,201212	528
36061022800,201212	1443
36061022900,201212	4082
36061023000,201212	799
36061023100,201212	611
36061023200,201212	633
36061023300,201212	2928
36061023400,201212	237
36061023501,201212	204
36061023502,201212	87
36061023600,201212	224
36061023700,201212	2065
36061023801,201212	1570
36061023802,201212	543
36061023900,201212	127
36061024000,201212	1124
36061024100,201212	1965
36061024200,201212	2340
36061024301,201212	76
36061024302,201212	103
36061024500,201212	2245
36061024700,201212	1062
36061024900,201212	15
36061025100,201212	3511
36061025300,201212	976
36061025500,201212	1367
36061025700,201212	5357
36061025900,201212	593
36061026100,201212	141
36061026300,201212	869
36061026500,201212	1574
36061026700,201212	21
36061026900,201212	157
36061027100,201212	572
36061027300,201212	797
36061027500,201212	133
36061027700,201212	47
36061027900,201212	327
36061028100,201212	31
36061028300,201212	67
36061028500,201212	79
36061028700,201212	376
36061029100,201212	110
36061029300,201212	80
36061029500,201212	507
36061029700,201212	75
36061029900,201212	63
36061030300,201212	145
36061030700,201212	66
36061030900,201212	77
36061031100,201212	133
36061031703,201212	67329
36061031704,201212	60994
36061031900,201212	2483
36081000100,201212	3536
36081000200,201212	9
36081000400,201212	15
36081000600,201212	5
36081000700,201212	10268
36081000800,201212	5
36081001000,201212	20
36081001200,201212	16
36081001400,201212	24
36081001600,201212	8
36081001800,201212	13
36081001900,201212	7371
36081002000,201212	72
36081002200,201212	47
36081002400,201212	5
36081002500,201212	1680
36081002600,201212	4
36081002800,201212	6
36081003000,201212	2
36081003100,201212	1806
36081003200,201212	5
36081003300,201212	12528
36081003400,201212	16
36081003600,201212	9
36081003700,201212	315
36081003800,201212	19
36081003900,201212	108
36081004001,201212	15
36081004002,201212	16
36081004200,201212	7
36081004300,201212	1975
36081004401,201212	10
36081004500,201212	2038
36081004700,201212	2269
36081005000,201212	3
36081005100,201212	885
36081005200,201212	2
36081005300,201212	3312
36081005400,201212	29
36081005500,201212	587
36081005700,201212	1200
36081005800,201212	13
36081005900,201212	2810
36081006100,201212	4544
36081006201,201212	25
36081006202,201212	30
36081006300,201212	2311
36081006501,201212	1373
36081006502,201212	1578
36081006900,201212	2208
36081007100,201212	4559
36081007300,201212	2522
36081007500,201212	2941
36081007700,201212	2076
36081007900,201212	1632
36081008100,201212	87
36081008300,201212	1747
36081008500,201212	779
36081008600,201212	20
36081008700,201212	86
36081008800,201212	32
36081009100,201212	506
36081009400,201212	18
36081009500,201212	1062
36081009600,201212	4
36081009700,201212	375
36081009800,201212	3
36081009900,201212	228
36081010000,201212	14
36081010100,201212	351
36081010200,201212	7
36081010300,201212	337
36081010400,201212	2
36081010500,201212	46
36081010600,201212	11
36081010701,201212	127
36081010800,201212	9
36081011000,201212	8
36081011100,201212	50
36081011200,201212	5
36081011300,201212	1031
36081011400,201212	6
36081011500,201212	1791
36081011600,201212	7
36081011700,201212	609
36081011800,201212	19
36081011900,201212	297
36081012000,201212	29
36081012100,201212	727
36081012200,201212	21
36081012301,201212	122
36081012400,201212	14
36081012500,201212	3774
36081012601,201212	10
36081012602,201212	2
36081012800,201212	3
36081013000,201212	8
36081013200,201212	15
36081013400,201212	27
36081013500,201212	385
36081013600,201212	8
36081013700,201212	919
36081013800,201212	23
36081014000,201212	37
36081014100,201212	430
36081014201,201212	5
36081014202,201212	256
36081014300,201212	2671
36081014400,201212	620
36081014500,201212	55
36081014700,201212	703
36081014800,201212	45
36081014900,201212	557
36081015000,201212	11
36081015100,201212	116
36081015200,201212	56
36081015300,201212	423
36081015400,201212	16
36081015500,201212	3260
36081015600,201212	8
36081015700,201212	2017
36081015801,201212	74
36081015802,201212	12
36081015900,201212	491
36081016100,201212	497
36081016300,201212	422
36081016400,201212	6
36081016600,201212	8
36081016800,201212	5
36081016900,201212	1591
36081017000,201212	38
36081017100,201212	2391
36081017200,201212	17
36081017400,201212	25
36081017600,201212	16
36081017800,201212	27
36081017900,201212	6314
36081018000,201212	48
36081018101,201212	4221
36081018102,201212	4122
36081018200,201212	467
36081018300,201212	5892
36081018401,201212	4
36081018402,201212	2
36081018501,201212	71
36081018502,201212	166
36081018600,201212	175
36081018700,201212	358
36081018800,201212	180
36081018900,201212	197
36081019000,201212	1
36081019200,201212	246
36081019400,201212	357
36081019600,201212	5
36081019800,201212	14
36081019900,201212	1157
36081020200,201212	373
36081020400,201212	10
36081020500,201212	376
36081020600,201212	284
36081020800,201212	343
36081021200,201212	130
36081021400,201212	246
36081021600,201212	887
36081021900,201212	130
36081022001,201212	146
36081022002,201212	52
36081022900,201212	549
36081023000,201212	25
36081023200,201212	20
36081023500,201212	760
36081023600,201212	26
36081023800,201212	67
36081024000,201212	29
36081024300,201212	274
36081024500,201212	422
36081024600,201212	3
36081024700,201212	644
36081024900,201212	1969
36081025100,201212	1596
36081025301,201212	4690
36081025302,201212	809
36081025400,201212	8
36081025500,201212	448
36081025700,201212	222
36081025800,201212	3
36081025900,201212	1217
36081026000,201212	17
36081026100,201212	1167
36081026200,201212	2
36081026300,201212	1092
36081026500,201212	749
36081026700,201212	982
36081026901,201212	216
36081026902,201212	96
36081027000,201212	2
36081027100,201212	121
36081027200,201212	3
36081027300,201212	141
36081027400,201212	1
36081027500,201212	81
36081027600,201212	2
36081027700,201212	151
36081027800,201212	1
36081027900,201212	136
36081028000,201212	1
36081028100,201212	183
36081028200,201212	2
36081028300,201212	468
36081028400,201212	5
36081028500,201212	297
36081028700,201212	482
36081028800,201212	12
36081028900,201212	861
36081029100,201212	888
36081029300,201212	400
36081029400,201212	46
36081029500,201212	685
36081029700,201212	722
36081029900,201212	1132
36081030600,201212	880
36081030902,201212	843
36081030903,201212	865
36081030904,201212	463
36081031700,201212	1844
36081032000,201212	24
36081032700,201212	531
36081032900,201212	195
36081033000,201212	10
36081033100,201212	294632
36081033401,201212	15
36081033402,201212	13
36081033700,201212	423
36081033900,201212	383
36081034700,201212	1020
36081035100,201212	186
36081035200,201212	2
36081035300,201212	216
36081035700,201212	2118
36081035800,201212	3
36081036100,201212	103
36081036300,201212	73
36081036500,201212	179
36081036600,201212	2
36081036700,201212	28
36081037100,201212	57
36081037300,201212	168
36081037500,201212	109
36081037600,201212	3
36081037700,201212	28
36081037900,201212	40
36081038100,201212	34
36081038301,201212	57
36081038302,201212	1949
36081039400,201212	3
36081039800,201212	2
36081039900,201212	31
36081040100,201212	42
36081040200,201212	1
36081040300,201212	21
36081040400,201212	4
36081040500,201212	29
36081040700,201212	41
36081040900,201212	27
36081041100,201212	17
36081041300,201212	18
36081041400,201212	2
36081041500,201212	5
36081042400,201212	4
36081042700,201212	16
36081043200,201212	1
36081043400,201212	1
36081043701,201212	171
36081043702,201212	138
36081043900,201212	23
36081044000,201212	4
36081044301,201212	10
36081044302,201212	44
36081044400,201212	7
36081044601,201212	9
36081044602,201212	41
36081044800,201212	48
36081045000,201212	50
36081045200,201212	23
36081045400,201212	46
36081045500,201212	78
36081045600,201212	24
36081045700,201212	26
36081045800,201212	25
36081045900,201212	15
36081046000,201212	31
36081046100,201212	26
36081046200,201212	19
36081046300,201212	23
36081046400,201212	6
36081046500,201212	41
36081046600,201212	18
36081046700,201212	21
36081046800,201212	13
36081046900,201212	94
36081047000,201212	2
36081047100,201212	76
36081047200,201212	20
36081047300,201212	962
36081047500,201212	323
36081047600,201212	2
36081047800,201212	11
36081047900,201212	118
36081048000,201212	10
36081048100,201212	108
36081048200,201212	3
36081048300,201212	526
36081048400,201212	12
36081048500,201212	883
36081048900,201212	167
36081049200,201212	6
36081049301,201212	27
36081049302,201212	140
36081049500,201212	38
36081049600,201212	4
36081049700,201212	23
36081049900,201212	183
36081050000,201212	5
36081050201,201212	2
36081050400,201212	5
36081050500,201212	35
36081050600,201212	1
36081050700,201212	62
36081051000,201212	3
36081051100,201212	87
36081051300,201212	18
36081051500,201212	28
36081051600,201212	2
36081051700,201212	231
36081052000,201212	16
36081052100,201212	37
36081052200,201212	4
36081052500,201212	20
36081052600,201212	1
36081052800,201212	1
36081053100,201212	60
36081053200,201212	2
36081053401,201212	4
36081053500,201212	46
36081053800,201212	1
36081053900,201212	59
36081054000,201212	8
36081054200,201212	8
36081054500,201212	8
36081054700,201212	11
36081054800,201212	6
36081054900,201212	23
36081055100,201212	23
36081055200,201212	26
36081055300,201212	12
36081055400,201212	2
36081055500,201212	8
36081055600,201212	7
36081055700,201212	17
36081055800,201212	2
36081055900,201212	8
36081056100,201212	48
36081056200,201212	1
36081056400,201212	1
36081056500,201212	2
36081056600,201212	2
36081056700,201212	5
36081056800,201212	15
36081057700,201212	11
36081058000,201212	5
36081058100,201212	20
36081058300,201212	19
36081058500,201212	29
36081058700,201212	17
36081058900,201212	11
36081059000,201212	1
36081059100,201212	18
36081059200,201212	6
36081059300,201212	20
36081059400,201212	2
36081059500,201212	65
36081059600,201212	3
36081059800,201212	3
36081059900,201212	6
36081060000,201212	9
36081060100,201212	38
36081060300,201212	48
36081060701,201212	17
36081060800,201212	3
36081061000,201212	4
36081061200,201212	11
36081061301,201212	75
36081061302,201212	6
36081061400,201212	3
36081061601,201212	3
36081061602,201212	13
36081061900,201212	13
36081062000,201212	1
36081062100,201212	8
36081062200,201212	8
36081062300,201212	4
36081062400,201212	2
36081062500,201212	10
36081062600,201212	5
36081062700,201212	3
36081062900,201212	11
36081063200,201212	5
36081063301,201212	1
36081063302,201212	2
36081063500,201212	10
36081063700,201212	62
36081063800,201212	4
36081063900,201212	56
36081064101,201212	19
36081064102,201212	66
36081064500,201212	17
36081064600,201212	1
36081065000,201212	6
36081065400,201212	17
36081065501,201212	34
36081065600,201212	4
36081065702,201212	17
36081065703,201212	20
36081065900,201212	4
36081066000,201212	6
36081066100,201212	8
36081066300,201212	22
36081066400,201212	36
36081066501,201212	14
36081066701,201212	23
36081066900,201212	6
36081067100,201212	16
36081067700,201212	10
36081067900,201212	69
36081068000,201212	21
36081068200,201212	2
36081068300,201212	996
36081068700,201212	348
36081069000,201212	4
36081069300,201212	152
36081069400,201212	7
36081069500,201212	628
36081069701,201212	30
36081069702,201212	82
36081070300,201212	145
36081070700,201212	27
36081070900,201212	16
36081071100,201212	1686
36081071303,201212	663
36081071304,201212	221
36081071305,201212	96
36081071306,201212	90
36081071600,201212	223105
36081071701,201212	978
36081071702,201212	433
36081071900,201212	21
36081072100,201212	23
36081072300,201212	18
36081072900,201212	14
36081073100,201212	19
36081073700,201212	880
36081073900,201212	1002
36081074100,201212	49
36081074300,201212	44
36081074500,201212	97
36081074700,201212	26
36081074900,201212	10
36081075701,201212	544
36081075702,201212	126
36081076901,201212	70
36081076902,201212	88
36081077300,201212	45
36081077500,201212	40
36081077902,201212	14
36081077903,201212	27
36081077904,201212	88
36081077905,201212	67
36081077906,201212	8
36081077907,201212	11
36081077908,201212	13
36081078800,201212	26
36081079000,201212	490
36081079200,201212	761
36081079300,201212	37
36081079701,201212	13
36081079702,201212	37
36081079900,201212	45
36081080301,201212	68
36081080302,201212	38
36081080900,201212	61
36081081400,201212	67
36081081800,201212	45
36081083700,201212	33
36081083800,201212	23
36081084000,201212	17
36081084500,201212	3
36081084601,201212	19
36081084602,201212	202
36081084900,201212	38
36081085300,201212	88
36081085500,201212	3
36081085700,201212	10
36081085900,201212	9
36081086100,201212	7
36081086300,201212	9
36081086400,201212	67
36081086500,201212	50
36081086900,201212	429
36081087100,201212	295
36081088400,201212	41
36081088901,201212	25
36081089200,201212	37
36081090700,201212	142
36081091601,201212	35
36081091800,201212	7
36081091900,201212	48
36081092500,201212	17
36081092800,201212	2
36081092900,201212	90
36081093401,201212	2
36081093402,201212	1
36081093800,201212	5
36081093900,201212	20
36081094201,201212	8
36081094202,201212	5
36081094500,201212	64
36081094700,201212	10
36081096400,201212	2
36081097202,201212	2
36081097203,201212	3
36081097300,201212	9
36081098100,201212	22
36081098700,201212	7
36081099100,201212	6
36081099200,201212	3
36081099701,201212	9
36081099703,201212	2
36081099704,201212	7
36081099705,201212	2
36081099801,201212	1
36081099802,201212	2
36081100801,201212	8
36081100802,201212	7
36081101001,201212	1
36081101002,201212	2
36081101700,201212	6
36081102900,201212	10
36081103202,201212	1
36081103300,201212	3
36081103900,201212	14
36081104700,201212	25
36081105900,201212	4
36081107202,201212	60
36081108500,201212	4
36081109300,201212	4
36081109700,201212	1
36081109900,201212	1
36081111300,201212	2
36081112300,201212	14
36081112900,201212	3
36081113300,201212	9
36081113900,201212	2
36081114100,201212	3
36081115100,201212	5
36081115500,201212	9
36081115700,201212	17
36081115900,201212	13
36081116100,201212	36
36081116300,201212	32
36081116700,201212	8
36081117100,201212	12
36081117500,201212	13
36081118100,201212	5
36081118500,201212	2
36081118700,201212	2
36081118900,201212	1
36081119100,201212	6
36081119300,201212	1
36081119500,201212	2
36081119900,201212	3
36081120100,201212	2
36081120300,201212	4
36081120500,201212	12
36081120700,201212	3
36081121100,201212	4
36081121500,201212	24
36081122300,201212	11
36081122701,201212	24
36081122702,201212	35
36081124100,201212	36
36081124700,201212	7
36081125700,201212	33
36081126500,201212	8
36081126700,201212	28
36081127700,201212	13
36081128300,201212	11
36081129102,201212	9
36081129103,201212	3
36081129104,201212	7
36081130100,201212	16
36081133300,201212	7
36081133900,201212	1
36081134100,201212	19
36081134700,201212	16
36081136700,201212	7
36081137700,201212	9
36081138501,201212	6
36081138502,201212	6
36081139900,201212	2
36081140300,201212	8
36081140901,201212	1
36081140902,201212	2
36081141700,201212	9
36081142900,201212	4
36081143500,201212	2
36081144100,201212	6
36081144700,201212	3
36081145101,201212	3
36081145102,201212	2
36081145900,201212	6
36081146300,201212	4
36081146700,201212	15
36081147100,201212	7
36081147900,201212	9
36081148300,201212	2
36081150701,201212	3
36081150702,201212	5
36081152901,201212	14
36081152902,201212	9
36081155101,201212	1
36081155102,201212	10
36081156700,201212	16
36081157101,201212	32
36081157102,201212	44
36081157901,201212	7
36081157902,201212	14
36081157903,201212	10
36081161700,201212	6
36081162100,201212	73
36081990100,201212	160
36085000300,201212	21
36085000600,201212	10
36085000700,201212	5
36085000800,201212	3
36085000900,201212	1
36085001100,201212	2
36085001800,201212	11
36085002001,201212	12
36085002002,201212	126
36085002100,201212	14
36085002900,201212	5
36085003300,201212	8
36085003600,201212	1
36085003900,201212	1
36085004000,201212	6
36085004700,201212	8
36085005000,201212	1
36085005900,201212	3
36085006400,201212	1
36085006700,201212	7
36085007000,201212	10
36085007400,201212	3
36085007500,201212	1
36085007700,201212	1
36085008100,201212	8
36085009601,201212	1
36085009602,201212	5
36085009700,201212	15
36085010500,201212	3
36085011201,201212	11
36085011202,201212	309
36085011401,201212	4
36085011402,201212	1
36085012100,201212	2
36085012200,201212	2
36085012500,201212	1
36085012804,201212	2
36085012805,201212	1
36085012806,201212	2
36085013201,201212	1
36085013203,201212	3
36085013204,201212	1
36085013302,201212	2
36085013400,201212	1
36085013800,201212	1
36085014100,201212	2
36085014604,201212	2
36085014605,201212	1
36085014606,201212	3
36085014607,201212	2
36085014700,201212	6
36085015100,201212	1
36085015400,201212	7
36085015601,201212	1
36085015602,201212	2
36085015603,201212	4
36085016901,201212	7
36085017005,201212	1
36085017009,201212	2
36085017010,201212	2
36085017012,201212	2
36085017300,201212	9
36085017600,201212	1
36085017700,201212	8
36085018100,201212	8
36085018701,201212	1
36085018702,201212	36
36085018901,201212	5
36085018902,201212	4
36085019700,201212	3
36085019800,201212	2
36085020100,201212	1
36085020700,201212	1
36085020801,201212	2
36085020803,201212	3
36085020804,201212	3
36085021300,201212	6
36085022300,201212	3
36085022600,201212	3
36085022800,201212	24
36085023100,201212	2
36085023900,201212	3
36085024402,201212	3
36085024700,201212	5
36085025100,201212	11
36085027301,201212	7
36085027302,201212	5
36085027702,201212	212
36085027704,201212	1
36085027705,201212	1
36085027706,201212	11
36085027900,201212	2
36085029102,201212	10
36085029103,201212	2
36085029104,201212	5
36085030301,201212	2
36085031901,201212	1
36085031902,201212	1
36085032300,201212	3
36085990100,201212	66
